# name zcmb zhel dz mb dmb x1 dx1 color dcolor 3rdvar d3rdvar cov_m_s cov_m_c cov_s_c set ra dec biascor
0.0 0.029570 0.029570 0.000000 16.202372 0.105825 0.000000 0.000000 0.000000 0.000000 0.000000 0.000000 0.0000e+00 0.0000e+00 0.0000e+00 0.0000 0.0000000 0.0000000 0.0000
0.0 0.046840 0.046840 0.000000 17.134888 0.094420 0.000000 0.000000 0.000000 0.000000 0.000000 0.000000 0.0000e+00 0.0000e+00 0.0000e+00 0.0000 0.0000000 0.0000000 0.0000
0.0 0.032260 0.032260 0.000000 16.586262 0.102769 0.000000 0.000000 0.000000 0.000000 0.000000 0.000000 0.0000e+00 0.0000e+00 0.0000e+00 0.0000 0.0000000 0.0000000 0.0000
0.0 0.020910 0.020910 0.000000 15.312263 0.122154 0.000000 0.000000 0.000000 0.000000 0.000000 0.000000 0.0000e+00 0.0000e+00 0.0000e+00 0.0000 0.0000000 0.0000000 0.0000
0.0 0.043660 0.043660 0.000000 16.868259 0.097191 0.000000 0.000000 0.000000 0.000000 0.000000 0.000000 0.0000e+00 0.0000e+00 0.0000e+00 0.0000 0.0000000 0.0000000 0.0000
0.0 0.017310 0.017310 0.000000 15.109471 0.136018 0.000000 0.000000 0.000000 0.000000 0.000000 0.000000 0.0000e+00 0.0000e+00 0.0000e+00 0.0000 0.0000000 0.0000000 0.0000
0.0 0.032030 0.032030 0.000000 16.340442 0.103206 0.000000 0.000000 0.000000 0.000000 0.000000 0.000000 0.0000e+00 0.0000e+00 0.0000e+00 0.0000 0.0000000 0.0000000 0.0000
0.0 0.035500 0.035500 0.000000 16.735730 0.100730 0.000000 0.000000 0.000000 0.000000 0.000000 0.000000 0.0000e+00 0.0000e+00 0.0000e+00 0.0000 0.0000000 0.0000000 0.0000
0.0 0.025780 0.025780 0.000000 15.992877 0.111349 0.000000 0.000000 0.000000 0.000000 0.000000 0.000000 0.0000e+00 0.0000e+00 0.0000e+00 0.0000 0.0000000 0.0000000 0.0000
0.0 0.032820 0.032820 0.000000 16.449735 0.102276 0.000000 0.000000 0.000000 0.000000 0.000000 0.000000 0.0000e+00 0.0000e+00 0.0000e+00 0.0000 0.0000000 0.0000000 0.0000
0.0 0.050620 0.050620 0.000000 17.450061 0.094099 0.000000 0.000000 0.000000 0.000000 0.000000 0.000000 0.0000e+00 0.0000e+00 0.0000e+00 0.0000 0.0000000 0.0000000 0.0000
0.0 0.028260 0.028260 0.000000 16.075632 0.107785 0.000000 0.000000 0.000000 0.000000 0.000000 0.000000 0.0000e+00 0.0000e+00 0.0000e+00 0.0000 0.0000000 0.0000000 0.0000
0.0 0.022500 0.022500 0.000000 15.516024 0.118031 0.000000 0.000000 0.000000 0.000000 0.000000 0.000000 0.0000e+00 0.0000e+00 0.0000e+00 0.0000 0.0000000 0.0000000 0.0000
0.0 0.010750 0.010750 0.000000 13.905665 0.085795 0.000000 0.000000 0.000000 0.000000 0.000000 0.000000 0.0000e+00 0.0000e+00 0.0000e+00 0.0000 0.0000000 0.0000000 0.0000
0.0 0.004690 0.004690 0.000000 12.550972 0.085654 0.000000 0.000000 0.000000 0.000000 0.000000 0.000000 0.0000e+00 0.0000e+00 0.0000e+00 0.0000 0.0000000 0.0000000 0.0000
0.0 0.014180 0.014180 0.000000 14.575586 0.154898 0.000000 0.000000 0.000000 0.000000 0.000000 0.000000 0.0000e+00 0.0000e+00 0.0000e+00 0.0000 0.0000000 0.0000000 0.0000
0.0 0.080410 0.080410 0.000000 18.424778 0.090207 0.000000 0.000000 0.000000 0.000000 0.000000 0.000000 0.0000e+00 0.0000e+00 0.0000e+00 0.0000 0.0000000 0.0000000 0.0000
0.0 0.043960 0.043960 0.000000 17.275332 0.095884 0.000000 0.000000 0.000000 0.000000 0.000000 0.000000 0.0000e+00 0.0000e+00 0.0000e+00 0.0000 0.0000000 0.0000000 0.0000
0.0 0.023070 0.023070 0.000000 15.691477 0.116581 0.000000 0.000000 0.000000 0.000000 0.000000 0.000000 0.0000e+00 0.0000e+00 0.0000e+00 0.0000 0.0000000 0.0000000 0.0000
0.0 0.017960 0.017960 0.000000 15.049425 0.132642 0.000000 0.000000 0.000000 0.000000 0.000000 0.000000 0.0000e+00 0.0000e+00 0.0000e+00 0.0000 0.0000000 0.0000000 0.0000
0.0 0.020960 0.020960 0.000000 15.487504 0.122071 0.000000 0.000000 0.000000 0.000000 0.000000 0.000000 0.0000e+00 0.0000e+00 0.0000e+00 0.0000 0.0000000 0.0000000 0.0000
0.0 0.014890 0.014890 0.000000 14.483978 0.149129 0.000000 0.000000 0.000000 0.000000 0.000000 0.000000 0.0000e+00 0.0000e+00 0.0000e+00 0.0000 0.0000000 0.0000000 0.0000
0.0 0.015800 0.015800 0.000000 14.892858 0.143721 0.000000 0.000000 0.000000 0.000000 0.000000 0.000000 0.0000e+00 0.0000e+00 0.0000e+00 0.0000 0.0000000 0.0000000 0.0000
0.0 0.035370 0.035370 0.000000 16.502344 0.101230 0.000000 0.000000 0.000000 0.000000 0.000000 0.000000 0.0000e+00 0.0000e+00 0.0000e+00 0.0000 0.0000000 0.0000000 0.0000
0.0 0.031620 0.031620 0.000000 16.347167 0.104190 0.000000 0.000000 0.000000 0.000000 0.000000 0.000000 0.0000e+00 0.0000e+00 0.0000e+00 0.0000 0.0000000 0.0000000 0.0000
0.0 0.013370 0.013370 0.000000 14.751220 0.160543 0.000000 0.000000 0.000000 0.000000 0.000000 0.000000 0.0000e+00 0.0000e+00 0.0000e+00 0.0000 0.0000000 0.0000000 0.0000
0.0 0.028260 0.028260 0.000000 16.023272 0.107313 0.000000 0.000000 0.000000 0.000000 0.000000 0.000000 0.0000e+00 0.0000e+00 0.0000e+00 0.0000 0.0000000 0.0000000 0.0000
0.0 0.025190 0.025190 0.000000 15.770033 0.112380 0.000000 0.000000 0.000000 0.000000 0.000000 0.000000 0.0000e+00 0.0000e+00 0.0000e+00 0.0000 0.0000000 0.0000000 0.0000
0.0 0.005240 0.005240 0.000000 12.022668 0.085903 0.000000 0.000000 0.000000 0.000000 0.000000 0.000000 0.0000e+00 0.0000e+00 0.0000e+00 0.0000 0.0000000 0.0000000 0.0000
0.0 0.014010 0.014010 0.000000 14.701459 0.155509 0.000000 0.000000 0.000000 0.000000 0.000000 0.000000 0.0000e+00 0.0000e+00 0.0000e+00 0.0000 0.0000000 0.0000000 0.0000
0.0 0.014460 0.014460 0.000000 14.709816 0.152098 0.000000 0.000000 0.000000 0.000000 0.000000 0.000000 0.0000e+00 0.0000e+00 0.0000e+00 0.0000 0.0000000 0.0000000 0.0000
0.0 0.014750 0.014750 0.000000 14.669544 0.150205 0.000000 0.000000 0.000000 0.000000 0.000000 0.000000 0.0000e+00 0.0000e+00 0.0000e+00 0.0000 0.0000000 0.0000000 0.0000
0.0 0.055510 0.055510 0.000000 17.575281 0.092755 0.000000 0.000000 0.000000 0.000000 0.000000 0.000000 0.0000e+00 0.0000e+00 0.0000e+00 0.0000 0.0000000 0.0000000 0.0000
0.0 0.013320 0.013320 0.000000 14.502078 0.161234 0.000000 0.000000 0.000000 0.000000 0.000000 0.000000 0.0000e+00 0.0000e+00 0.0000e+00 0.0000 0.0000000 0.0000000 0.0000
0.0 0.026740 0.026740 0.000000 15.787208 0.110179 0.000000 0.000000 0.000000 0.000000 0.000000 0.000000 0.0000e+00 0.0000e+00 0.0000e+00 0.0000 0.0000000 0.0000000 0.0000
0.0 0.020900 0.020900 0.000000 15.403788 0.123015 0.000000 0.000000 0.000000 0.000000 0.000000 0.000000 0.0000e+00 0.0000e+00 0.0000e+00 0.0000 0.0000000 0.0000000 0.0000
0.0 0.006510 0.006510 0.000000 12.509961 0.085570 0.000000 0.000000 0.000000 0.000000 0.000000 0.000000 0.0000e+00 0.0000e+00 0.0000e+00 0.0000 0.0000000 0.0000000 0.0000
0.0 0.015970 0.015970 0.000000 14.997049 0.086106 0.000000 0.000000 0.000000 0.000000 0.000000 0.000000 0.0000e+00 0.0000e+00 0.0000e+00 0.0000 0.0000000 0.0000000 0.0000
0.0 0.015720 0.015720 0.000000 14.881206 0.143999 0.000000 0.000000 0.000000 0.000000 0.000000 0.000000 0.0000e+00 0.0000e+00 0.0000e+00 0.0000 0.0000000 0.0000000 0.0000
0.0 0.008000 0.008000 0.000000 12.210106 0.085831 0.000000 0.000000 0.000000 0.000000 0.000000 0.000000 0.0000e+00 0.0000e+00 0.0000e+00 0.0000 0.0000000 0.0000000 0.0000
0.0 0.024410 0.024410 0.000000 15.776182 0.113729 0.000000 0.000000 0.000000 0.000000 0.000000 0.000000 0.0000e+00 0.0000e+00 0.0000e+00 0.0000 0.0000000 0.0000000 0.0000
0.0 0.036370 0.036370 0.000000 16.783410 0.099769 0.000000 0.000000 0.000000 0.000000 0.000000 0.000000 0.0000e+00 0.0000e+00 0.0000e+00 0.0000 0.0000000 0.0000000 0.0000
0.0 0.022310 0.022310 0.000000 15.394708 0.118885 0.000000 0.000000 0.000000 0.000000 0.000000 0.000000 0.0000e+00 0.0000e+00 0.0000e+00 0.0000 0.0000000 0.0000000 0.0000
0.0 0.011520 0.011520 0.000000 14.098313 0.179700 0.000000 0.000000 0.000000 0.000000 0.000000 0.000000 0.0000e+00 0.0000e+00 0.0000e+00 0.0000 0.0000000 0.0000000 0.0000
0.0 0.023280 0.023280 0.000000 15.659286 0.116148 0.000000 0.000000 0.000000 0.000000 0.000000 0.000000 0.0000e+00 0.0000e+00 0.0000e+00 0.0000 0.0000000 0.0000000 0.0000
0.0 0.020630 0.020630 0.000000 15.292632 0.123128 0.000000 0.000000 0.000000 0.000000 0.000000 0.000000 0.0000e+00 0.0000e+00 0.0000e+00 0.0000 0.0000000 0.0000000 0.0000
0.0 0.026140 0.026140 0.000000 15.877187 0.110904 0.000000 0.000000 0.000000 0.000000 0.000000 0.000000 0.0000e+00 0.0000e+00 0.0000e+00 0.0000 0.0000000 0.0000000 0.0000
0.0 0.005150 0.005150 0.000000 12.189266 0.085496 0.000000 0.000000 0.000000 0.000000 0.000000 0.000000 0.0000e+00 0.0000e+00 0.0000e+00 0.0000 0.0000000 0.0000000 0.0000
0.0 0.325230 0.325230 0.000000 21.632958 0.185645 0.000000 0.000000 0.000000 0.000000 0.000000 0.000000 0.0000e+00 0.0000e+00 0.0000e+00 0.0000 0.0000000 0.0000000 0.0000
0.0 0.412500 0.412500 0.000000 22.309687 0.189329 0.000000 0.000000 0.000000 0.000000 0.000000 0.000000 0.0000e+00 0.0000e+00 0.0000e+00 0.0000 0.0000000 0.0000000 0.0000
0.0 0.429680 0.429680 0.000000 22.567194 0.183816 0.000000 0.000000 0.000000 0.000000 0.000000 0.000000 0.0000e+00 0.0000e+00 0.0000e+00 0.0000 0.0000000 0.0000000 0.0000
0.0 0.410060 0.410060 0.000000 22.305354 0.180302 0.000000 0.000000 0.000000 0.000000 0.000000 0.000000 0.0000e+00 0.0000e+00 0.0000e+00 0.0000 0.0000000 0.0000000 0.0000
0.0 0.345780 0.345780 0.000000 21.753496 0.179321 0.000000 0.000000 0.000000 0.000000 0.000000 0.000000 0.0000e+00 0.0000e+00 0.0000e+00 0.0000 0.0000000 0.0000000 0.0000
0.0 0.422390 0.422390 0.000000 22.289754 0.192538 0.000000 0.000000 0.000000 0.000000 0.000000 0.000000 0.0000e+00 0.0000e+00 0.0000e+00 0.0000 0.0000000 0.0000000 0.0000
0.0 0.502190 0.502190 0.000000 23.352807 0.221924 0.000000 0.000000 0.000000 0.000000 0.000000 0.000000 0.0000e+00 0.0000e+00 0.0000e+00 0.0000 0.0000000 0.0000000 0.0000
0.0 0.275420 0.275420 0.000000 21.420597 0.179805 0.000000 0.000000 0.000000 0.000000 0.000000 0.000000 0.0000e+00 0.0000e+00 0.0000e+00 0.0000 0.0000000 0.0000000 0.0000
0.0 0.421530 0.421530 0.000000 22.340387 0.179850 0.000000 0.000000 0.000000 0.000000 0.000000 0.000000 0.0000e+00 0.0000e+00 0.0000e+00 0.0000 0.0000000 0.0000000 0.0000
0.0 0.430240 0.430240 0.000000 22.422157 0.179109 0.000000 0.000000 0.000000 0.000000 0.000000 0.000000 0.0000e+00 0.0000e+00 0.0000e+00 0.0000 0.0000000 0.0000000 0.0000
0.0 0.340670 0.340670 0.000000 21.548795 0.184832 0.000000 0.000000 0.000000 0.000000 0.000000 0.000000 0.0000e+00 0.0000e+00 0.0000e+00 0.0000 0.0000000 0.0000000 0.0000
0.0 0.307980 0.307980 0.000000 21.906189 0.178739 0.000000 0.000000 0.000000 0.000000 0.000000 0.000000 0.0000e+00 0.0000e+00 0.0000e+00 0.0000 0.0000000 0.0000000 0.0000
0.0 0.477460 0.477460 0.000000 22.683836 0.193946 0.000000 0.000000 0.000000 0.000000 0.000000 0.000000 0.0000e+00 0.0000e+00 0.0000e+00 0.0000 0.0000000 0.0000000 0.0000
0.0 0.439710 0.439710 0.000000 22.540477 0.348297 0.000000 0.000000 0.000000 0.000000 0.000000 0.000000 0.0000e+00 0.0000e+00 0.0000e+00 0.0000 0.0000000 0.0000000 0.0000
0.0 0.220890 0.220890 0.000000 20.916177 0.175295 0.000000 0.000000 0.000000 0.000000 0.000000 0.000000 0.0000e+00 0.0000e+00 0.0000e+00 0.0000 0.0000000 0.0000000 0.0000
0.0 0.310360 0.310360 0.000000 21.848698 0.176401 0.000000 0.000000 0.000000 0.000000 0.000000 0.000000 0.0000e+00 0.0000e+00 0.0000e+00 0.0000 0.0000000 0.0000000 0.0000
0.0 0.280260 0.280260 0.000000 21.186070 0.200384 0.000000 0.000000 0.000000 0.000000 0.000000 0.000000 0.0000e+00 0.0000e+00 0.0000e+00 0.0000 0.0000000 0.0000000 0.0000
0.0 0.305750 0.305750 0.000000 21.454792 0.179475 0.000000 0.000000 0.000000 0.000000 0.000000 0.000000 0.0000e+00 0.0000e+00 0.0000e+00 0.0000 0.0000000 0.0000000 0.0000
0.0 0.481270 0.481270 0.000000 22.594026 0.181910 0.000000 0.000000 0.000000 0.000000 0.000000 0.000000 0.0000e+00 0.0000e+00 0.0000e+00 0.0000 0.0000000 0.0000000 0.0000
0.0 0.566650 0.566650 0.000000 23.304984 0.113967 0.000000 0.000000 0.000000 0.000000 0.000000 0.000000 0.0000e+00 0.0000e+00 0.0000e+00 0.0000 0.0000000 0.0000000 0.0000
0.0 0.531290 0.531290 0.000000 23.019173 0.113044 0.000000 0.000000 0.000000 0.000000 0.000000 0.000000 0.0000e+00 0.0000e+00 0.0000e+00 0.0000 0.0000000 0.0000000 0.0000
0.0 0.367360 0.367360 0.000000 22.118896 0.099393 0.000000 0.000000 0.000000 0.000000 0.000000 0.000000 0.0000e+00 0.0000e+00 0.0000e+00 0.0000 0.0000000 0.0000000 0.0000
0.0 0.483510 0.483510 0.000000 22.553499 0.105944 0.000000 0.000000 0.000000 0.000000 0.000000 0.000000 0.0000e+00 0.0000e+00 0.0000e+00 0.0000 0.0000000 0.0000000 0.0000
0.0 0.508300 0.508300 0.000000 22.970662 0.100370 0.000000 0.000000 0.000000 0.000000 0.000000 0.000000 0.0000e+00 0.0000e+00 0.0000e+00 0.0000 0.0000000 0.0000000 0.0000
0.0 0.404460 0.404460 0.000000 22.384306 0.109651 0.000000 0.000000 0.000000 0.000000 0.000000 0.000000 0.0000e+00 0.0000e+00 0.0000e+00 0.0000 0.0000000 0.0000000 0.0000
0.0 0.403100 0.403100 0.000000 22.299986 0.107260 0.000000 0.000000 0.000000 0.000000 0.000000 0.000000 0.0000e+00 0.0000e+00 0.0000e+00 0.0000 0.0000000 0.0000000 0.0000
0.0 0.426440 0.426440 0.000000 22.540199 0.103935 0.000000 0.000000 0.000000 0.000000 0.000000 0.000000 0.0000e+00 0.0000e+00 0.0000e+00 0.0000 0.0000000 0.0000000 0.0000
0.0 0.612790 0.612790 0.000000 23.356116 0.103594 0.000000 0.000000 0.000000 0.000000 0.000000 0.000000 0.0000e+00 0.0000e+00 0.0000e+00 0.0000 0.0000000 0.0000000 0.0000
0.0 0.439550 0.439550 0.000000 22.270076 0.101348 0.000000 0.000000 0.000000 0.000000 0.000000 0.000000 0.0000e+00 0.0000e+00 0.0000e+00 0.0000 0.0000000 0.0000000 0.0000
0.0 0.608790 0.608790 0.000000 23.490446 0.121712 0.000000 0.000000 0.000000 0.000000 0.000000 0.000000 0.0000e+00 0.0000e+00 0.0000e+00 0.0000 0.0000000 0.0000000 0.0000
0.0 0.556750 0.556750 0.000000 23.194425 0.101967 0.000000 0.000000 0.000000 0.000000 0.000000 0.000000 0.0000e+00 0.0000e+00 0.0000e+00 0.0000 0.0000000 0.0000000 0.0000
0.0 0.504520 0.504520 0.000000 22.628892 0.110225 0.000000 0.000000 0.000000 0.000000 0.000000 0.000000 0.0000e+00 0.0000e+00 0.0000e+00 0.0000 0.0000000 0.0000000 0.0000
0.0 0.495580 0.495580 0.000000 22.745411 0.104483 0.000000 0.000000 0.000000 0.000000 0.000000 0.000000 0.0000e+00 0.0000e+00 0.0000e+00 0.0000 0.0000000 0.0000000 0.0000
0.0 0.410410 0.410410 0.000000 22.396993 0.103494 0.000000 0.000000 0.000000 0.000000 0.000000 0.000000 0.0000e+00 0.0000e+00 0.0000e+00 0.0000 0.0000000 0.0000000 0.0000
0.0 0.469350 0.469350 0.000000 22.673672 0.106998 0.000000 0.000000 0.000000 0.000000 0.000000 0.000000 0.0000e+00 0.0000e+00 0.0000e+00 0.0000 0.0000000 0.0000000 0.0000
0.0 0.453480 0.453480 0.000000 22.488204 0.101987 0.000000 0.000000 0.000000 0.000000 0.000000 0.000000 0.0000e+00 0.0000e+00 0.0000e+00 0.0000 0.0000000 0.0000000 0.0000
0.0 0.470490 0.470490 0.000000 22.776205 0.106270 0.000000 0.000000 0.000000 0.000000 0.000000 0.000000 0.0000e+00 0.0000e+00 0.0000e+00 0.0000 0.0000000 0.0000000 0.0000
