# name zcmb zhel dz mb dmb x1 dx1 color dcolor 3rdvar d3rdvar cov_m_s cov_m_c cov_s_c set ra dec biascor
0.0 0.029570 0.029570 0.000000 16.190447 0.128761 0.000000 0.000000 0.000000 0.000000 0.000000 0.000000 0.0000e+00 0.0000e+00 0.0000e+00 0.0000 0.0000000 0.0000000 0.0000
0.0 0.046840 0.046840 0.000000 17.085621 0.119549 0.000000 0.000000 0.000000 0.000000 0.000000 0.000000 0.0000e+00 0.0000e+00 0.0000e+00 0.0000 0.0000000 0.0000000 0.0000
0.0 0.032260 0.032260 0.000000 16.603995 0.126280 0.000000 0.000000 0.000000 0.000000 0.000000 0.000000 0.0000e+00 0.0000e+00 0.0000e+00 0.0000 0.0000000 0.0000000 0.0000
0.0 0.020910 0.020910 0.000000 15.315508 0.142579 0.000000 0.000000 0.000000 0.000000 0.000000 0.000000 0.0000e+00 0.0000e+00 0.0000e+00 0.0000 0.0000000 0.0000000 0.0000
0.0 0.043660 0.043660 0.000000 16.842667 0.122133 0.000000 0.000000 0.000000 0.000000 0.000000 0.000000 0.0000e+00 0.0000e+00 0.0000e+00 0.0000 0.0000000 0.0000000 0.0000
0.0 0.017310 0.017310 0.000000 15.057072 0.155401 0.000000 0.000000 0.000000 0.000000 0.000000 0.000000 0.0000e+00 0.0000e+00 0.0000e+00 0.0000 0.0000000 0.0000000 0.0000
0.0 0.032030 0.032030 0.000000 16.343172 0.126806 0.000000 0.000000 0.000000 0.000000 0.000000 0.000000 0.0000e+00 0.0000e+00 0.0000e+00 0.0000 0.0000000 0.0000000 0.0000
0.0 0.035500 0.035500 0.000000 16.802467 0.125103 0.000000 0.000000 0.000000 0.000000 0.000000 0.000000 0.0000e+00 0.0000e+00 0.0000e+00 0.0000 0.0000000 0.0000000 0.0000
0.0 0.025780 0.025780 0.000000 15.883758 0.133484 0.000000 0.000000 0.000000 0.000000 0.000000 0.000000 0.0000e+00 0.0000e+00 0.0000e+00 0.0000 0.0000000 0.0000000 0.0000
0.0 0.032820 0.032820 0.000000 16.375924 0.125873 0.000000 0.000000 0.000000 0.000000 0.000000 0.000000 0.0000e+00 0.0000e+00 0.0000e+00 0.0000 0.0000000 0.0000000 0.0000
0.0 0.050620 0.050620 0.000000 17.417046 0.119804 0.000000 0.000000 0.000000 0.000000 0.000000 0.000000 0.0000e+00 0.0000e+00 0.0000e+00 0.0000 0.0000000 0.0000000 0.0000
0.0 0.028260 0.028260 0.000000 15.948435 0.131239 0.000000 0.000000 0.000000 0.000000 0.000000 0.000000 0.0000e+00 0.0000e+00 0.0000e+00 0.0000 0.0000000 0.0000000 0.0000
0.0 0.022500 0.022500 0.000000 15.555280 0.139005 0.000000 0.000000 0.000000 0.000000 0.000000 0.000000 0.0000e+00 0.0000e+00 0.0000e+00 0.0000 0.0000000 0.0000000 0.0000
0.0 0.010750 0.010750 0.000000 13.690972 0.113933 0.000000 0.000000 0.000000 0.000000 0.000000 0.000000 0.0000e+00 0.0000e+00 0.0000e+00 0.0000 0.0000000 0.0000000 0.0000
0.0 0.004690 0.004690 0.000000 12.704877 0.112981 0.000000 0.000000 0.000000 0.000000 0.000000 0.000000 0.0000e+00 0.0000e+00 0.0000e+00 0.0000 0.0000000 0.0000000 0.0000
0.0 0.014180 0.014180 0.000000 14.383709 0.171607 0.000000 0.000000 0.000000 0.000000 0.000000 0.000000 0.0000e+00 0.0000e+00 0.0000e+00 0.0000 0.0000000 0.0000000 0.0000
0.0 0.080410 0.080410 0.000000 18.353300 0.115453 0.000000 0.000000 0.000000 0.000000 0.000000 0.000000 0.0000e+00 0.0000e+00 0.0000e+00 0.0000 0.0000000 0.0000000 0.0000
0.0 0.043960 0.043960 0.000000 17.253442 0.120871 0.000000 0.000000 0.000000 0.000000 0.000000 0.000000 0.0000e+00 0.0000e+00 0.0000e+00 0.0000 0.0000000 0.0000000 0.0000
0.0 0.023070 0.023070 0.000000 15.708710 0.137692 0.000000 0.000000 0.000000 0.000000 0.000000 0.000000 0.0000e+00 0.0000e+00 0.0000e+00 0.0000 0.0000000 0.0000000 0.0000
0.0 0.017960 0.017960 0.000000 14.977990 0.151819 0.000000 0.000000 0.000000 0.000000 0.000000 0.000000 0.0000e+00 0.0000e+00 0.0000e+00 0.0000 0.0000000 0.0000000 0.0000
0.0 0.020960 0.020960 0.000000 15.451848 0.142422 0.000000 0.000000 0.000000 0.000000 0.000000 0.000000 0.0000e+00 0.0000e+00 0.0000e+00 0.0000 0.0000000 0.0000000 0.0000
0.0 0.014890 0.014890 0.000000 14.493714 0.166241 0.000000 0.000000 0.000000 0.000000 0.000000 0.000000 0.0000e+00 0.0000e+00 0.0000e+00 0.0000 0.0000000 0.0000000 0.0000
0.0 0.015800 0.015800 0.000000 14.848705 0.162741 0.000000 0.000000 0.000000 0.000000 0.000000 0.000000 0.0000e+00 0.0000e+00 0.0000e+00 0.0000 0.0000000 0.0000000 0.0000
0.0 0.035370 0.035370 0.000000 16.428109 0.125593 0.000000 0.000000 0.000000 0.000000 0.000000 0.000000 0.0000e+00 0.0000e+00 0.0000e+00 0.0000 0.0000000 0.0000000 0.0000
0.0 0.031620 0.031620 0.000000 16.290615 0.128045 0.000000 0.000000 0.000000 0.000000 0.000000 0.000000 0.0000e+00 0.0000e+00 0.0000e+00 0.0000 0.0000000 0.0000000 0.0000
0.0 0.013370 0.013370 0.000000 14.516546 0.176522 0.000000 0.000000 0.000000 0.000000 0.000000 0.000000 0.0000e+00 0.0000e+00 0.0000e+00 0.0000 0.0000000 0.0000000 0.0000
0.0 0.028260 0.028260 0.000000 15.966555 0.130087 0.000000 0.000000 0.000000 0.000000 0.000000 0.000000 0.0000e+00 0.0000e+00 0.0000e+00 0.0000 0.0000000 0.0000000 0.0000
0.0 0.025190 0.025190 0.000000 15.712762 0.134270 0.000000 0.000000 0.000000 0.000000 0.000000 0.000000 0.0000e+00 0.0000e+00 0.0000e+00 0.0000 0.0000000 0.0000000 0.0000
0.0 0.006190 0.006190 0.000000 12.047094 0.112773 0.000000 0.000000 0.000000 0.000000 0.000000 0.000000 0.0000e+00 0.0000e+00 0.0000e+00 0.0000 0.0000000 0.0000000 0.0000
0.0 0.005240 0.005240 0.000000 12.060144 0.113105 0.000000 0.000000 0.000000 0.000000 0.000000 0.000000 0.0000e+00 0.0000e+00 0.0000e+00 0.0000 0.0000000 0.0000000 0.0000
0.0 0.014010 0.014010 0.000000 14.582571 0.172846 0.000000 0.000000 0.000000 0.000000 0.000000 0.000000 0.0000e+00 0.0000e+00 0.0000e+00 0.0000 0.0000000 0.0000000 0.0000
0.0 0.014460 0.014460 0.000000 14.752691 0.168988 0.000000 0.000000 0.000000 0.000000 0.000000 0.000000 0.0000e+00 0.0000e+00 0.0000e+00 0.0000 0.0000000 0.0000000 0.0000
0.0 0.014750 0.014750 0.000000 14.694126 0.168029 0.000000 0.000000 0.000000 0.000000 0.000000 0.000000 0.0000e+00 0.0000e+00 0.0000e+00 0.0000 0.0000000 0.0000000 0.0000
0.0 0.055510 0.055510 0.000000 17.522103 0.118097 0.000000 0.000000 0.000000 0.000000 0.000000 0.000000 0.0000e+00 0.0000e+00 0.0000e+00 0.0000 0.0000000 0.0000000 0.0000
0.0 0.013320 0.013320 0.000000 14.461836 0.178598 0.000000 0.000000 0.000000 0.000000 0.000000 0.000000 0.0000e+00 0.0000e+00 0.0000e+00 0.0000 0.0000000 0.0000000 0.0000
0.0 0.026740 0.026740 0.000000 15.752880 0.132452 0.000000 0.000000 0.000000 0.000000 0.000000 0.000000 0.0000e+00 0.0000e+00 0.0000e+00 0.0000 0.0000000 0.0000000 0.0000
0.0 0.033940 0.033940 0.000000 16.246625 0.125347 0.000000 0.000000 0.000000 0.000000 0.000000 0.000000 0.0000e+00 0.0000e+00 0.0000e+00 0.0000 0.0000000 0.0000000 0.0000
0.0 0.020900 0.020900 0.000000 15.420650 0.147150 0.000000 0.000000 0.000000 0.000000 0.000000 0.000000 0.0000e+00 0.0000e+00 0.0000e+00 0.0000 0.0000000 0.0000000 0.0000
0.0 0.006510 0.006510 0.000000 12.521499 0.112927 0.000000 0.000000 0.000000 0.000000 0.000000 0.000000 0.0000e+00 0.0000e+00 0.0000e+00 0.0000 0.0000000 0.0000000 0.0000
0.0 0.015970 0.015970 0.000000 14.982824 0.113554 0.000000 0.000000 0.000000 0.000000 0.000000 0.000000 0.0000e+00 0.0000e+00 0.0000e+00 0.0000 0.0000000 0.0000000 0.0000
0.0 0.015720 0.015720 0.000000 14.909788 0.161904 0.000000 0.000000 0.000000 0.000000 0.000000 0.000000 0.0000e+00 0.0000e+00 0.0000e+00 0.0000 0.0000000 0.0000000 0.0000
0.0 0.004960 0.004960 0.000000 12.224291 0.112969 0.000000 0.000000 0.000000 0.000000 0.000000 0.000000 0.0000e+00 0.0000e+00 0.0000e+00 0.0000 0.0000000 0.0000000 0.0000
0.0 0.008000 0.008000 0.000000 12.391553 0.113176 0.000000 0.000000 0.000000 0.000000 0.000000 0.000000 0.0000e+00 0.0000e+00 0.0000e+00 0.0000 0.0000000 0.0000000 0.0000
0.0 0.024410 0.024410 0.000000 15.728157 0.135459 0.000000 0.000000 0.000000 0.000000 0.000000 0.000000 0.0000e+00 0.0000e+00 0.0000e+00 0.0000 0.0000000 0.0000000 0.0000
0.0 0.036370 0.036370 0.000000 16.638280 0.123638 0.000000 0.000000 0.000000 0.000000 0.000000 0.000000 0.0000e+00 0.0000e+00 0.0000e+00 0.0000 0.0000000 0.0000000 0.0000
0.0 0.022310 0.022310 0.000000 15.515502 0.144368 0.000000 0.000000 0.000000 0.000000 0.000000 0.000000 0.0000e+00 0.0000e+00 0.0000e+00 0.0000 0.0000000 0.0000000 0.0000
0.0 0.011520 0.011520 0.000000 14.026985 0.197164 0.000000 0.000000 0.000000 0.000000 0.000000 0.000000 0.0000e+00 0.0000e+00 0.0000e+00 0.0000 0.0000000 0.0000000 0.0000
0.0 0.023280 0.023280 0.000000 15.565885 0.137659 0.000000 0.000000 0.000000 0.000000 0.000000 0.000000 0.0000e+00 0.0000e+00 0.0000e+00 0.0000 0.0000000 0.0000000 0.0000
0.0 0.020630 0.020630 0.000000 15.102718 0.143534 0.000000 0.000000 0.000000 0.000000 0.000000 0.000000 0.0000e+00 0.0000e+00 0.0000e+00 0.0000 0.0000000 0.0000000 0.0000
0.0 0.026140 0.026140 0.000000 15.806709 0.133686 0.000000 0.000000 0.000000 0.000000 0.000000 0.000000 0.0000e+00 0.0000e+00 0.0000e+00 0.0000 0.0000000 0.0000000 0.0000
0.0 0.005150 0.005150 0.000000 12.138974 0.112643 0.000000 0.000000 0.000000 0.000000 0.000000 0.000000 0.0000e+00 0.0000e+00 0.0000e+00 0.0000 0.0000000 0.0000000 0.0000
0.0 0.325230 0.325230 0.000000 21.812792 0.132759 0.000000 0.000000 0.000000 0.000000 0.000000 0.000000 0.0000e+00 0.0000e+00 0.0000e+00 0.0000 0.0000000 0.0000000 0.0000
0.0 0.412500 0.412500 0.000000 22.447919 0.151315 0.000000 0.000000 0.000000 0.000000 0.000000 0.000000 0.0000e+00 0.0000e+00 0.0000e+00 0.0000 0.0000000 0.0000000 0.0000
0.0 0.429680 0.429680 0.000000 22.410971 0.130842 0.000000 0.000000 0.000000 0.000000 0.000000 0.000000 0.0000e+00 0.0000e+00 0.0000e+00 0.0000 0.0000000 0.0000000 0.0000
0.0 0.410060 0.410060 0.000000 22.434781 0.194388 0.000000 0.000000 0.000000 0.000000 0.000000 0.000000 0.0000e+00 0.0000e+00 0.0000e+00 0.0000 0.0000000 0.0000000 0.0000
0.0 0.345780 0.345780 0.000000 21.794708 0.155142 0.000000 0.000000 0.000000 0.000000 0.000000 0.000000 0.0000e+00 0.0000e+00 0.0000e+00 0.0000 0.0000000 0.0000000 0.0000
0.0 0.422390 0.422390 0.000000 22.275951 0.155717 0.000000 0.000000 0.000000 0.000000 0.000000 0.000000 0.0000e+00 0.0000e+00 0.0000e+00 0.0000 0.0000000 0.0000000 0.0000
0.0 0.502190 0.502190 0.000000 22.609312 0.177727 0.000000 0.000000 0.000000 0.000000 0.000000 0.000000 0.0000e+00 0.0000e+00 0.0000e+00 0.0000 0.0000000 0.0000000 0.0000
0.0 0.275420 0.275420 0.000000 21.360814 0.133574 0.000000 0.000000 0.000000 0.000000 0.000000 0.000000 0.0000e+00 0.0000e+00 0.0000e+00 0.0000 0.0000000 0.0000000 0.0000
0.0 0.421530 0.421530 0.000000 22.537839 0.202848 0.000000 0.000000 0.000000 0.000000 0.000000 0.000000 0.0000e+00 0.0000e+00 0.0000e+00 0.0000 0.0000000 0.0000000 0.0000
0.0 0.430240 0.430240 0.000000 22.500439 0.381891 0.000000 0.000000 0.000000 0.000000 0.000000 0.000000 0.0000e+00 0.0000e+00 0.0000e+00 0.0000 0.0000000 0.0000000 0.0000
0.0 0.340670 0.340670 0.000000 21.390932 0.201281 0.000000 0.000000 0.000000 0.000000 0.000000 0.000000 0.0000e+00 0.0000e+00 0.0000e+00 0.0000 0.0000000 0.0000000 0.0000
0.0 0.307980 0.307980 0.000000 21.875685 0.120565 0.000000 0.000000 0.000000 0.000000 0.000000 0.000000 0.0000e+00 0.0000e+00 0.0000e+00 0.0000 0.0000000 0.0000000 0.0000
0.0 0.477460 0.477460 0.000000 22.800488 0.161118 0.000000 0.000000 0.000000 0.000000 0.000000 0.000000 0.0000e+00 0.0000e+00 0.0000e+00 0.0000 0.0000000 0.0000000 0.0000
0.0 0.439710 0.439710 0.000000 22.340785 0.182309 0.000000 0.000000 0.000000 0.000000 0.000000 0.000000 0.0000e+00 0.0000e+00 0.0000e+00 0.0000 0.0000000 0.0000000 0.0000
0.0 0.220890 0.220890 0.000000 20.762396 0.112324 0.000000 0.000000 0.000000 0.000000 0.000000 0.000000 0.0000e+00 0.0000e+00 0.0000e+00 0.0000 0.0000000 0.0000000 0.0000
0.0 0.310360 0.310360 0.000000 21.848447 0.121646 0.000000 0.000000 0.000000 0.000000 0.000000 0.000000 0.0000e+00 0.0000e+00 0.0000e+00 0.0000 0.0000000 0.0000000 0.0000
0.0 0.280260 0.280260 0.000000 21.346619 0.109922 0.000000 0.000000 0.000000 0.000000 0.000000 0.000000 0.0000e+00 0.0000e+00 0.0000e+00 0.0000 0.0000000 0.0000000 0.0000
0.0 0.305750 0.305750 0.000000 21.504004 0.134437 0.000000 0.000000 0.000000 0.000000 0.000000 0.000000 0.0000e+00 0.0000e+00 0.0000e+00 0.0000 0.0000000 0.0000000 0.0000
0.0 0.481270 0.481270 0.000000 22.396428 0.171752 0.000000 0.000000 0.000000 0.000000 0.000000 0.000000 0.0000e+00 0.0000e+00 0.0000e+00 0.0000 0.0000000 0.0000000 0.0000
0.0 0.566650 0.566650 0.000000 22.901865 0.155826 0.000000 0.000000 0.000000 0.000000 0.000000 0.000000 0.0000e+00 0.0000e+00 0.0000e+00 0.0000 0.0000000 0.0000000 0.0000
0.0 0.531290 0.531290 0.000000 23.406136 0.161958 0.000000 0.000000 0.000000 0.000000 0.000000 0.000000 0.0000e+00 0.0000e+00 0.0000e+00 0.0000 0.0000000 0.0000000 0.0000
0.0 0.367360 0.367360 0.000000 22.227360 0.131060 0.000000 0.000000 0.000000 0.000000 0.000000 0.000000 0.0000e+00 0.0000e+00 0.0000e+00 0.0000 0.0000000 0.0000000 0.0000
0.0 0.483510 0.483510 0.000000 22.615915 0.137433 0.000000 0.000000 0.000000 0.000000 0.000000 0.000000 0.0000e+00 0.0000e+00 0.0000e+00 0.0000 0.0000000 0.0000000 0.0000
0.0 0.508300 0.508300 0.000000 22.808406 0.124694 0.000000 0.000000 0.000000 0.000000 0.000000 0.000000 0.0000e+00 0.0000e+00 0.0000e+00 0.0000 0.0000000 0.0000000 0.0000
0.0 0.404460 0.404460 0.000000 22.281193 0.135657 0.000000 0.000000 0.000000 0.000000 0.000000 0.000000 0.0000e+00 0.0000e+00 0.0000e+00 0.0000 0.0000000 0.0000000 0.0000
0.0 0.403100 0.403100 0.000000 22.307408 0.130416 0.000000 0.000000 0.000000 0.000000 0.000000 0.000000 0.0000e+00 0.0000e+00 0.0000e+00 0.0000 0.0000000 0.0000000 0.0000
0.0 0.426440 0.426440 0.000000 22.481276 0.140969 0.000000 0.000000 0.000000 0.000000 0.000000 0.000000 0.0000e+00 0.0000e+00 0.0000e+00 0.0000 0.0000000 0.0000000 0.0000
0.0 0.612790 0.612790 0.000000 23.387499 0.160482 0.000000 0.000000 0.000000 0.000000 0.000000 0.000000 0.0000e+00 0.0000e+00 0.0000e+00 0.0000 0.0000000 0.0000000 0.0000
0.0 0.439550 0.439550 0.000000 22.279358 0.127148 0.000000 0.000000 0.000000 0.000000 0.000000 0.000000 0.0000e+00 0.0000e+00 0.0000e+00 0.0000 0.0000000 0.0000000 0.0000
0.0 0.608790 0.608790 0.000000 23.586329 0.203696 0.000000 0.000000 0.000000 0.000000 0.000000 0.000000 0.0000e+00 0.0000e+00 0.0000e+00 0.0000 0.0000000 0.0000000 0.0000
0.0 0.556750 0.556750 0.000000 23.088816 0.124236 0.000000 0.000000 0.000000 0.000000 0.000000 0.000000 0.0000e+00 0.0000e+00 0.0000e+00 0.0000 0.0000000 0.0000000 0.0000
0.0 0.504520 0.504520 0.000000 22.738186 0.157308 0.000000 0.000000 0.000000 0.000000 0.000000 0.000000 0.0000e+00 0.0000e+00 0.0000e+00 0.0000 0.0000000 0.0000000 0.0000
0.0 0.495580 0.495580 0.000000 22.769962 0.129633 0.000000 0.000000 0.000000 0.000000 0.000000 0.000000 0.0000e+00 0.0000e+00 0.0000e+00 0.0000 0.0000000 0.0000000 0.0000
0.0 0.410410 0.410410 0.000000 22.284022 0.135011 0.000000 0.000000 0.000000 0.000000 0.000000 0.000000 0.0000e+00 0.0000e+00 0.0000e+00 0.0000 0.0000000 0.0000000 0.0000
0.0 0.469350 0.469350 0.000000 22.538948 0.141079 0.000000 0.000000 0.000000 0.000000 0.000000 0.000000 0.0000e+00 0.0000e+00 0.0000e+00 0.0000 0.0000000 0.0000000 0.0000
0.0 0.453480 0.453480 0.000000 22.782493 0.137520 0.000000 0.000000 0.000000 0.000000 0.000000 0.000000 0.0000e+00 0.0000e+00 0.0000e+00 0.0000 0.0000000 0.0000000 0.0000
0.0 0.470490 0.470490 0.000000 22.762461 0.148439 0.000000 0.000000 0.000000 0.000000 0.000000 0.000000 0.0000e+00 0.0000e+00 0.0000e+00 0.0000 0.0000000 0.0000000 0.0000
