# name zcmb zhel dz mb dmb x1 dx1 color dcolor 3rdvar d3rdvar cov_m_s cov_m_c cov_s_c set ra dec biascor
0.0 0.029570 0.029570 0.000000 16.190447 0.128801 0.000000 0.000000 0.000000 0.000000 0.000000 0.000000 0.0000e+00 0.0000e+00 0.0000e+00 0.0000 0.0000000 0.0000000 0.0000
0.0 0.046840 0.046840 0.000000 17.085621 0.119649 0.000000 0.000000 0.000000 0.000000 0.000000 0.000000 0.0000e+00 0.0000e+00 0.0000e+00 0.0000 0.0000000 0.0000000 0.0000
0.0 0.032260 0.032260 0.000000 16.603995 0.126348 0.000000 0.000000 0.000000 0.000000 0.000000 0.000000 0.0000e+00 0.0000e+00 0.0000e+00 0.0000 0.0000000 0.0000000 0.0000
0.0 0.020910 0.020910 0.000000 15.315508 0.142598 0.000000 0.000000 0.000000 0.000000 0.000000 0.000000 0.0000e+00 0.0000e+00 0.0000e+00 0.0000 0.0000000 0.0000000 0.0000
0.0 0.043660 0.043660 0.000000 16.842667 0.122236 0.000000 0.000000 0.000000 0.000000 0.000000 0.000000 0.0000e+00 0.0000e+00 0.0000e+00 0.0000 0.0000000 0.0000000 0.0000
0.0 0.017310 0.017310 0.000000 15.057072 0.155588 0.000000 0.000000 0.000000 0.000000 0.000000 0.000000 0.0000e+00 0.0000e+00 0.0000e+00 0.0000 0.0000000 0.0000000 0.0000
0.0 0.032030 0.032030 0.000000 16.343172 0.126862 0.000000 0.000000 0.000000 0.000000 0.000000 0.000000 0.0000e+00 0.0000e+00 0.0000e+00 0.0000 0.0000000 0.0000000 0.0000
0.0 0.035500 0.035500 0.000000 16.802467 0.127752 0.000000 0.000000 0.000000 0.000000 0.000000 0.000000 0.0000e+00 0.0000e+00 0.0000e+00 0.0000 0.0000000 0.0000000 0.0000
0.0 0.025780 0.025780 0.000000 15.883758 0.133499 0.000000 0.000000 0.000000 0.000000 0.000000 0.000000 0.0000e+00 0.0000e+00 0.0000e+00 0.0000 0.0000000 0.0000000 0.0000
0.0 0.032820 0.032820 0.000000 16.375924 0.125938 0.000000 0.000000 0.000000 0.000000 0.000000 0.000000 0.0000e+00 0.0000e+00 0.0000e+00 0.0000 0.0000000 0.0000000 0.0000
0.0 0.050620 0.050620 0.000000 17.417046 0.119852 0.000000 0.000000 0.000000 0.000000 0.000000 0.000000 0.0000e+00 0.0000e+00 0.0000e+00 0.0000 0.0000000 0.0000000 0.0000
0.0 0.028260 0.028260 0.000000 15.948435 0.131293 0.000000 0.000000 0.000000 0.000000 0.000000 0.000000 0.0000e+00 0.0000e+00 0.0000e+00 0.0000 0.0000000 0.0000000 0.0000
0.0 0.022500 0.022500 0.000000 15.555280 0.140431 0.000000 0.000000 0.000000 0.000000 0.000000 0.000000 0.0000e+00 0.0000e+00 0.0000e+00 0.0000 0.0000000 0.0000000 0.0000
0.0 0.010750 0.010750 0.000000 13.690972 0.114037 0.000000 0.000000 0.000000 0.000000 0.000000 0.000000 0.0000e+00 0.0000e+00 0.0000e+00 0.0000 0.0000000 0.0000000 0.0000
0.0 0.004690 0.004690 0.000000 12.704877 0.116092 0.000000 0.000000 0.000000 0.000000 0.000000 0.000000 0.0000e+00 0.0000e+00 0.0000e+00 0.0000 0.0000000 0.0000000 0.0000
0.0 0.014180 0.014180 0.000000 14.383709 0.174436 0.000000 0.000000 0.000000 0.000000 0.000000 0.000000 0.0000e+00 0.0000e+00 0.0000e+00 0.0000 0.0000000 0.0000000 0.0000
0.0 0.080410 0.080410 0.000000 18.353300 0.115569 0.000000 0.000000 0.000000 0.000000 0.000000 0.000000 0.0000e+00 0.0000e+00 0.0000e+00 0.0000 0.0000000 0.0000000 0.0000
0.0 0.043960 0.043960 0.000000 17.253442 0.120955 0.000000 0.000000 0.000000 0.000000 0.000000 0.000000 0.0000e+00 0.0000e+00 0.0000e+00 0.0000 0.0000000 0.0000000 0.0000
0.0 0.023070 0.023070 0.000000 15.708710 0.140022 0.000000 0.000000 0.000000 0.000000 0.000000 0.000000 0.0000e+00 0.0000e+00 0.0000e+00 0.0000 0.0000000 0.0000000 0.0000
0.0 0.017960 0.017960 0.000000 14.977990 0.151828 0.000000 0.000000 0.000000 0.000000 0.000000 0.000000 0.0000e+00 0.0000e+00 0.0000e+00 0.0000 0.0000000 0.0000000 0.0000
0.0 0.020960 0.020960 0.000000 15.451848 0.142456 0.000000 0.000000 0.000000 0.000000 0.000000 0.000000 0.0000e+00 0.0000e+00 0.0000e+00 0.0000 0.0000000 0.0000000 0.0000
0.0 0.014890 0.014890 0.000000 14.493714 0.167853 0.000000 0.000000 0.000000 0.000000 0.000000 0.000000 0.0000e+00 0.0000e+00 0.0000e+00 0.0000 0.0000000 0.0000000 0.0000
0.0 0.015800 0.015800 0.000000 14.848705 0.164446 0.000000 0.000000 0.000000 0.000000 0.000000 0.000000 0.0000e+00 0.0000e+00 0.0000e+00 0.0000 0.0000000 0.0000000 0.0000
0.0 0.035370 0.035370 0.000000 16.428109 0.125617 0.000000 0.000000 0.000000 0.000000 0.000000 0.000000 0.0000e+00 0.0000e+00 0.0000e+00 0.0000 0.0000000 0.0000000 0.0000
0.0 0.031620 0.031620 0.000000 16.290615 0.128180 0.000000 0.000000 0.000000 0.000000 0.000000 0.000000 0.0000e+00 0.0000e+00 0.0000e+00 0.0000 0.0000000 0.0000000 0.0000
0.0 0.013370 0.013370 0.000000 14.516546 0.176546 0.000000 0.000000 0.000000 0.000000 0.000000 0.000000 0.0000e+00 0.0000e+00 0.0000e+00 0.0000 0.0000000 0.0000000 0.0000
0.0 0.028260 0.028260 0.000000 15.966555 0.130110 0.000000 0.000000 0.000000 0.000000 0.000000 0.000000 0.0000e+00 0.0000e+00 0.0000e+00 0.0000 0.0000000 0.0000000 0.0000
0.0 0.025190 0.025190 0.000000 15.712762 0.134291 0.000000 0.000000 0.000000 0.000000 0.000000 0.000000 0.0000e+00 0.0000e+00 0.0000e+00 0.0000 0.0000000 0.0000000 0.0000
0.0 0.006190 0.006190 0.000000 12.047094 0.112868 0.000000 0.000000 0.000000 0.000000 0.000000 0.000000 0.0000e+00 0.0000e+00 0.0000e+00 0.0000 0.0000000 0.0000000 0.0000
0.0 0.005240 0.005240 0.000000 12.060144 0.271169 0.000000 0.000000 0.000000 0.000000 0.000000 0.000000 0.0000e+00 0.0000e+00 0.0000e+00 0.0000 0.0000000 0.0000000 0.0000
0.0 0.014010 0.014010 0.000000 14.582571 0.174359 0.000000 0.000000 0.000000 0.000000 0.000000 0.000000 0.0000e+00 0.0000e+00 0.0000e+00 0.0000 0.0000000 0.0000000 0.0000
0.0 0.014460 0.014460 0.000000 14.752691 0.168981 0.000000 0.000000 0.000000 0.000000 0.000000 0.000000 0.0000e+00 0.0000e+00 0.0000e+00 0.0000 0.0000000 0.0000000 0.0000
0.0 0.014750 0.014750 0.000000 14.694126 0.168033 0.000000 0.000000 0.000000 0.000000 0.000000 0.000000 0.0000e+00 0.0000e+00 0.0000e+00 0.0000 0.0000000 0.0000000 0.0000
0.0 0.055510 0.055510 0.000000 17.522103 0.132132 0.000000 0.000000 0.000000 0.000000 0.000000 0.000000 0.0000e+00 0.0000e+00 0.0000e+00 0.0000 0.0000000 0.0000000 0.0000
0.0 0.013320 0.013320 0.000000 14.461836 0.192691 0.000000 0.000000 0.000000 0.000000 0.000000 0.000000 0.0000e+00 0.0000e+00 0.0000e+00 0.0000 0.0000000 0.0000000 0.0000
0.0 0.026740 0.026740 0.000000 15.752880 0.132498 0.000000 0.000000 0.000000 0.000000 0.000000 0.000000 0.0000e+00 0.0000e+00 0.0000e+00 0.0000 0.0000000 0.0000000 0.0000
0.0 0.033940 0.033940 0.000000 16.246625 0.125396 0.000000 0.000000 0.000000 0.000000 0.000000 0.000000 0.0000e+00 0.0000e+00 0.0000e+00 0.0000 0.0000000 0.0000000 0.0000
0.0 0.020900 0.020900 0.000000 15.420650 0.147132 0.000000 0.000000 0.000000 0.000000 0.000000 0.000000 0.0000e+00 0.0000e+00 0.0000e+00 0.0000 0.0000000 0.0000000 0.0000
0.0 0.006510 0.006510 0.000000 12.521499 0.115964 0.000000 0.000000 0.000000 0.000000 0.000000 0.000000 0.0000e+00 0.0000e+00 0.0000e+00 0.0000 0.0000000 0.0000000 0.0000
0.0 0.015970 0.015970 0.000000 14.982824 0.113599 0.000000 0.000000 0.000000 0.000000 0.000000 0.000000 0.0000e+00 0.0000e+00 0.0000e+00 0.0000 0.0000000 0.0000000 0.0000
0.0 0.015720 0.015720 0.000000 14.909788 0.161891 0.000000 0.000000 0.000000 0.000000 0.000000 0.000000 0.0000e+00 0.0000e+00 0.0000e+00 0.0000 0.0000000 0.0000000 0.0000
0.0 0.004960 0.004960 0.000000 12.224291 0.113066 0.000000 0.000000 0.000000 0.000000 0.000000 0.000000 0.0000e+00 0.0000e+00 0.0000e+00 0.0000 0.0000000 0.0000000 0.0000
0.0 0.008000 0.008000 0.000000 12.391553 0.116127 0.000000 0.000000 0.000000 0.000000 0.000000 0.000000 0.0000e+00 0.0000e+00 0.0000e+00 0.0000 0.0000000 0.0000000 0.0000
0.0 0.024410 0.024410 0.000000 15.728157 0.135500 0.000000 0.000000 0.000000 0.000000 0.000000 0.000000 0.0000e+00 0.0000e+00 0.0000e+00 0.0000 0.0000000 0.0000000 0.0000
0.0 0.036370 0.036370 0.000000 16.638280 0.123698 0.000000 0.000000 0.000000 0.000000 0.000000 0.000000 0.0000e+00 0.0000e+00 0.0000e+00 0.0000 0.0000000 0.0000000 0.0000
0.0 0.022310 0.022310 0.000000 15.515502 0.144368 0.000000 0.000000 0.000000 0.000000 0.000000 0.000000 0.0000e+00 0.0000e+00 0.0000e+00 0.0000 0.0000000 0.0000000 0.0000
0.0 0.011520 0.011520 0.000000 14.026985 0.197175 0.000000 0.000000 0.000000 0.000000 0.000000 0.000000 0.0000e+00 0.0000e+00 0.0000e+00 0.0000 0.0000000 0.0000000 0.0000
0.0 0.023280 0.023280 0.000000 15.565885 0.137731 0.000000 0.000000 0.000000 0.000000 0.000000 0.000000 0.0000e+00 0.0000e+00 0.0000e+00 0.0000 0.0000000 0.0000000 0.0000
0.0 0.020630 0.020630 0.000000 15.102718 0.143560 0.000000 0.000000 0.000000 0.000000 0.000000 0.000000 0.0000e+00 0.0000e+00 0.0000e+00 0.0000 0.0000000 0.0000000 0.0000
0.0 0.026140 0.026140 0.000000 15.806709 0.135811 0.000000 0.000000 0.000000 0.000000 0.000000 0.000000 0.0000e+00 0.0000e+00 0.0000e+00 0.0000 0.0000000 0.0000000 0.0000
0.0 0.005150 0.005150 0.000000 12.138974 0.112743 0.000000 0.000000 0.000000 0.000000 0.000000 0.000000 0.0000e+00 0.0000e+00 0.0000e+00 0.0000 0.0000000 0.0000000 0.0000
0.0 0.325230 0.325230 0.000000 21.812792 0.133575 0.000000 0.000000 0.000000 0.000000 0.000000 0.000000 0.0000e+00 0.0000e+00 0.0000e+00 0.0000 0.0000000 0.0000000 0.0000
0.0 0.412500 0.412500 0.000000 22.447919 0.239271 0.000000 0.000000 0.000000 0.000000 0.000000 0.000000 0.0000e+00 0.0000e+00 0.0000e+00 0.0000 0.0000000 0.0000000 0.0000
0.0 0.429680 0.429680 0.000000 22.410971 0.132595 0.000000 0.000000 0.000000 0.000000 0.000000 0.000000 0.0000e+00 0.0000e+00 0.0000e+00 0.0000 0.0000000 0.0000000 0.0000
0.0 0.410060 0.410060 0.000000 22.434781 0.196043 0.000000 0.000000 0.000000 0.000000 0.000000 0.000000 0.0000e+00 0.0000e+00 0.0000e+00 0.0000 0.0000000 0.0000000 0.0000
0.0 0.345780 0.345780 0.000000 21.794708 0.156208 0.000000 0.000000 0.000000 0.000000 0.000000 0.000000 0.0000e+00 0.0000e+00 0.0000e+00 0.0000 0.0000000 0.0000000 0.0000
0.0 0.422390 0.422390 0.000000 22.275951 0.156012 0.000000 0.000000 0.000000 0.000000 0.000000 0.000000 0.0000e+00 0.0000e+00 0.0000e+00 0.0000 0.0000000 0.0000000 0.0000
0.0 0.502190 0.502190 0.000000 22.609312 0.179367 0.000000 0.000000 0.000000 0.000000 0.000000 0.000000 0.0000e+00 0.0000e+00 0.0000e+00 0.0000 0.0000000 0.0000000 0.0000
0.0 0.275420 0.275420 0.000000 21.360814 0.133668 0.000000 0.000000 0.000000 0.000000 0.000000 0.000000 0.0000e+00 0.0000e+00 0.0000e+00 0.0000 0.0000000 0.0000000 0.0000
0.0 0.421530 0.421530 0.000000 22.537839 0.204661 0.000000 0.000000 0.000000 0.000000 0.000000 0.000000 0.0000e+00 0.0000e+00 0.0000e+00 0.0000 0.0000000 0.0000000 0.0000
0.0 0.430240 0.430240 0.000000 22.500439 0.419301 0.000000 0.000000 0.000000 0.000000 0.000000 0.000000 0.0000e+00 0.0000e+00 0.0000e+00 0.0000 0.0000000 0.0000000 0.0000
0.0 0.340670 0.340670 0.000000 21.390932 0.210674 0.000000 0.000000 0.000000 0.000000 0.000000 0.000000 0.0000e+00 0.0000e+00 0.0000e+00 0.0000 0.0000000 0.0000000 0.0000
0.0 0.307980 0.307980 0.000000 21.875685 0.210209 0.000000 0.000000 0.000000 0.000000 0.000000 0.000000 0.0000e+00 0.0000e+00 0.0000e+00 0.0000 0.0000000 0.0000000 0.0000
0.0 0.477460 0.477460 0.000000 22.800488 0.165031 0.000000 0.000000 0.000000 0.000000 0.000000 0.000000 0.0000e+00 0.0000e+00 0.0000e+00 0.0000 0.0000000 0.0000000 0.0000
0.0 0.439710 0.439710 0.000000 22.340785 0.390828 0.000000 0.000000 0.000000 0.000000 0.000000 0.000000 0.0000e+00 0.0000e+00 0.0000e+00 0.0000 0.0000000 0.0000000 0.0000
0.0 0.220890 0.220890 0.000000 20.762396 0.114787 0.000000 0.000000 0.000000 0.000000 0.000000 0.000000 0.0000e+00 0.0000e+00 0.0000e+00 0.0000 0.0000000 0.0000000 0.0000
0.0 0.310360 0.310360 0.000000 21.848447 0.121749 0.000000 0.000000 0.000000 0.000000 0.000000 0.000000 0.0000e+00 0.0000e+00 0.0000e+00 0.0000 0.0000000 0.0000000 0.0000
0.0 0.280260 0.280260 0.000000 21.346619 0.118843 0.000000 0.000000 0.000000 0.000000 0.000000 0.000000 0.0000e+00 0.0000e+00 0.0000e+00 0.0000 0.0000000 0.0000000 0.0000
0.0 0.305750 0.305750 0.000000 21.504004 0.140874 0.000000 0.000000 0.000000 0.000000 0.000000 0.000000 0.0000e+00 0.0000e+00 0.0000e+00 0.0000 0.0000000 0.0000000 0.0000
0.0 0.481270 0.481270 0.000000 22.396428 0.201170 0.000000 0.000000 0.000000 0.000000 0.000000 0.000000 0.0000e+00 0.0000e+00 0.0000e+00 0.0000 0.0000000 0.0000000 0.0000
0.0 0.566650 0.566650 0.000000 22.901865 0.166132 0.000000 0.000000 0.000000 0.000000 0.000000 0.000000 0.0000e+00 0.0000e+00 0.0000e+00 0.0000 0.0000000 0.0000000 0.0000
0.0 0.531290 0.531290 0.000000 23.406136 0.164098 0.000000 0.000000 0.000000 0.000000 0.000000 0.000000 0.0000e+00 0.0000e+00 0.0000e+00 0.0000 0.0000000 0.0000000 0.0000
0.0 0.367360 0.367360 0.000000 22.227360 0.133588 0.000000 0.000000 0.000000 0.000000 0.000000 0.000000 0.0000e+00 0.0000e+00 0.0000e+00 0.0000 0.0000000 0.0000000 0.0000
0.0 0.483510 0.483510 0.000000 22.615915 0.137329 0.000000 0.000000 0.000000 0.000000 0.000000 0.000000 0.0000e+00 0.0000e+00 0.0000e+00 0.0000 0.0000000 0.0000000 0.0000
0.0 0.508300 0.508300 0.000000 22.808406 0.125881 0.000000 0.000000 0.000000 0.000000 0.000000 0.000000 0.0000e+00 0.0000e+00 0.0000e+00 0.0000 0.0000000 0.0000000 0.0000
0.0 0.404460 0.404460 0.000000 22.281193 0.136252 0.000000 0.000000 0.000000 0.000000 0.000000 0.000000 0.0000e+00 0.0000e+00 0.0000e+00 0.0000 0.0000000 0.0000000 0.0000
0.0 0.403100 0.403100 0.000000 22.307408 0.132739 0.000000 0.000000 0.000000 0.000000 0.000000 0.000000 0.0000e+00 0.0000e+00 0.0000e+00 0.0000 0.0000000 0.0000000 0.0000
0.0 0.426440 0.426440 0.000000 22.481276 0.143429 0.000000 0.000000 0.000000 0.000000 0.000000 0.000000 0.0000e+00 0.0000e+00 0.0000e+00 0.0000 0.0000000 0.0000000 0.0000
0.0 0.612790 0.612790 0.000000 23.387499 0.158470 0.000000 0.000000 0.000000 0.000000 0.000000 0.000000 0.0000e+00 0.0000e+00 0.0000e+00 0.0000 0.0000000 0.0000000 0.0000
0.0 0.439550 0.439550 0.000000 22.279358 0.129782 0.000000 0.000000 0.000000 0.000000 0.000000 0.000000 0.0000e+00 0.0000e+00 0.0000e+00 0.0000 0.0000000 0.0000000 0.0000
0.0 0.608790 0.608790 0.000000 23.586329 0.201580 0.000000 0.000000 0.000000 0.000000 0.000000 0.000000 0.0000e+00 0.0000e+00 0.0000e+00 0.0000 0.0000000 0.0000000 0.0000
0.0 0.556750 0.556750 0.000000 23.088816 0.123788 0.000000 0.000000 0.000000 0.000000 0.000000 0.000000 0.0000e+00 0.0000e+00 0.0000e+00 0.0000 0.0000000 0.0000000 0.0000
0.0 0.504520 0.504520 0.000000 22.738186 0.172718 0.000000 0.000000 0.000000 0.000000 0.000000 0.000000 0.0000e+00 0.0000e+00 0.0000e+00 0.0000 0.0000000 0.0000000 0.0000
0.0 0.495580 0.495580 0.000000 22.769962 0.129594 0.000000 0.000000 0.000000 0.000000 0.000000 0.000000 0.0000e+00 0.0000e+00 0.0000e+00 0.0000 0.0000000 0.0000000 0.0000
0.0 0.410410 0.410410 0.000000 22.284022 0.137578 0.000000 0.000000 0.000000 0.000000 0.000000 0.000000 0.0000e+00 0.0000e+00 0.0000e+00 0.0000 0.0000000 0.0000000 0.0000
0.0 0.469350 0.469350 0.000000 22.538948 0.142378 0.000000 0.000000 0.000000 0.000000 0.000000 0.000000 0.0000e+00 0.0000e+00 0.0000e+00 0.0000 0.0000000 0.0000000 0.0000
0.0 0.453480 0.453480 0.000000 22.782493 0.137538 0.000000 0.000000 0.000000 0.000000 0.000000 0.000000 0.0000e+00 0.0000e+00 0.0000e+00 0.0000 0.0000000 0.0000000 0.0000
0.0 0.470490 0.470490 0.000000 22.762461 0.150850 0.000000 0.000000 0.000000 0.000000 0.000000 0.000000 0.0000e+00 0.0000e+00 0.0000e+00 0.0000 0.0000000 0.0000000 0.0000
