# name zcmb zhel dz mb dmb x1 dx1 color dcolor 3rdvar d3rdvar cov_m_s cov_m_c cov_s_c set ra dec biascor
0.0 0.029570 0.029570 0.000000 16.292908 0.143342 0.000000 0.000000 0.000000 0.000000 0.000000 0.000000 0.0000e+00 0.0000e+00 0.0000e+00 0.0000 0.0000000 0.0000000 0.0000
0.0 0.046840 0.046840 0.000000 17.116939 0.135360 0.000000 0.000000 0.000000 0.000000 0.000000 0.000000 0.0000e+00 0.0000e+00 0.0000e+00 0.0000 0.0000000 0.0000000 0.0000
0.0 0.032260 0.032260 0.000000 16.573420 0.140490 0.000000 0.000000 0.000000 0.000000 0.000000 0.000000 0.0000e+00 0.0000e+00 0.0000e+00 0.0000 0.0000000 0.0000000 0.0000
0.0 0.020910 0.020910 0.000000 15.411885 0.155108 0.000000 0.000000 0.000000 0.000000 0.000000 0.000000 0.0000e+00 0.0000e+00 0.0000e+00 0.0000 0.0000000 0.0000000 0.0000
0.0 0.043660 0.043660 0.000000 17.025679 0.135587 0.000000 0.000000 0.000000 0.000000 0.000000 0.000000 0.0000e+00 0.0000e+00 0.0000e+00 0.0000 0.0000000 0.0000000 0.0000
0.0 0.017310 0.017310 0.000000 15.230530 0.166667 0.000000 0.000000 0.000000 0.000000 0.000000 0.000000 0.0000e+00 0.0000e+00 0.0000e+00 0.0000 0.0000000 0.0000000 0.0000
0.0 0.032030 0.032030 0.000000 16.356783 0.140741 0.000000 0.000000 0.000000 0.000000 0.000000 0.000000 0.0000e+00 0.0000e+00 0.0000e+00 0.0000 0.0000000 0.0000000 0.0000
0.0 0.035500 0.035500 0.000000 16.794907 0.142106 0.000000 0.000000 0.000000 0.000000 0.000000 0.000000 0.0000e+00 0.0000e+00 0.0000e+00 0.0000 0.0000000 0.0000000 0.0000
0.0 0.025780 0.025780 0.000000 16.000246 0.146810 0.000000 0.000000 0.000000 0.000000 0.000000 0.000000 0.0000e+00 0.0000e+00 0.0000e+00 0.0000 0.0000000 0.0000000 0.0000
0.0 0.032820 0.032820 0.000000 16.653455 0.140266 0.000000 0.000000 0.000000 0.000000 0.000000 0.000000 0.0000e+00 0.0000e+00 0.0000e+00 0.0000 0.0000000 0.0000000 0.0000
0.0 0.050620 0.050620 0.000000 17.526397 0.134582 0.000000 0.000000 0.000000 0.000000 0.000000 0.000000 0.0000e+00 0.0000e+00 0.0000e+00 0.0000 0.0000000 0.0000000 0.0000
0.0 0.028260 0.028260 0.000000 15.969417 0.144405 0.000000 0.000000 0.000000 0.000000 0.000000 0.000000 0.0000e+00 0.0000e+00 0.0000e+00 0.0000 0.0000000 0.0000000 0.0000
0.0 0.022500 0.022500 0.000000 15.426199 0.151819 0.000000 0.000000 0.000000 0.000000 0.000000 0.000000 0.0000e+00 0.0000e+00 0.0000e+00 0.0000 0.0000000 0.0000000 0.0000
0.0 0.010750 0.010750 0.000000 13.759958 0.212038 0.000000 0.000000 0.000000 0.000000 0.000000 0.000000 0.0000e+00 0.0000e+00 0.0000e+00 0.0000 0.0000000 0.0000000 0.0000
0.0 0.014180 0.014180 0.000000 14.814921 0.181426 0.000000 0.000000 0.000000 0.000000 0.000000 0.000000 0.0000e+00 0.0000e+00 0.0000e+00 0.0000 0.0000000 0.0000000 0.0000
0.0 0.080410 0.080410 0.000000 18.355186 0.133226 0.000000 0.000000 0.000000 0.000000 0.000000 0.000000 0.0000e+00 0.0000e+00 0.0000e+00 0.0000 0.0000000 0.0000000 0.0000
0.0 0.043960 0.043960 0.000000 17.082564 0.135412 0.000000 0.000000 0.000000 0.000000 0.000000 0.000000 0.0000e+00 0.0000e+00 0.0000e+00 0.0000 0.0000000 0.0000000 0.0000
0.0 0.023070 0.023070 0.000000 15.670156 0.153549 0.000000 0.000000 0.000000 0.000000 0.000000 0.000000 0.0000e+00 0.0000e+00 0.0000e+00 0.0000 0.0000000 0.0000000 0.0000
0.0 0.017960 0.017960 0.000000 14.991811 0.163441 0.000000 0.000000 0.000000 0.000000 0.000000 0.000000 0.0000e+00 0.0000e+00 0.0000e+00 0.0000 0.0000000 0.0000000 0.0000
0.0 0.020960 0.020960 0.000000 15.393041 0.154913 0.000000 0.000000 0.000000 0.000000 0.000000 0.000000 0.0000e+00 0.0000e+00 0.0000e+00 0.0000 0.0000000 0.0000000 0.0000
0.0 0.014890 0.014890 0.000000 14.552837 0.179192 0.000000 0.000000 0.000000 0.000000 0.000000 0.000000 0.0000e+00 0.0000e+00 0.0000e+00 0.0000 0.0000000 0.0000000 0.0000
0.0 0.015800 0.015800 0.000000 14.731762 0.175723 0.000000 0.000000 0.000000 0.000000 0.000000 0.000000 0.0000e+00 0.0000e+00 0.0000e+00 0.0000 0.0000000 0.0000000 0.0000
0.0 0.035370 0.035370 0.000000 16.311380 0.139730 0.000000 0.000000 0.000000 0.000000 0.000000 0.000000 0.0000e+00 0.0000e+00 0.0000e+00 0.0000 0.0000000 0.0000000 0.0000
0.0 0.031620 0.031620 0.000000 16.343131 0.141814 0.000000 0.000000 0.000000 0.000000 0.000000 0.000000 0.0000e+00 0.0000e+00 0.0000e+00 0.0000 0.0000000 0.0000000 0.0000
0.0 0.013370 0.013370 0.000000 14.643611 0.186718 0.000000 0.000000 0.000000 0.000000 0.000000 0.000000 0.0000e+00 0.0000e+00 0.0000e+00 0.0000 0.0000000 0.0000000 0.0000
0.0 0.028260 0.028260 0.000000 16.027937 0.143644 0.000000 0.000000 0.000000 0.000000 0.000000 0.000000 0.0000e+00 0.0000e+00 0.0000e+00 0.0000 0.0000000 0.0000000 0.0000
0.0 0.025190 0.025190 0.000000 15.621240 0.147455 0.000000 0.000000 0.000000 0.000000 0.000000 0.000000 0.0000e+00 0.0000e+00 0.0000e+00 0.0000 0.0000000 0.0000000 0.0000
0.0 0.014010 0.014010 0.000000 14.696832 0.185120 0.000000 0.000000 0.000000 0.000000 0.000000 0.000000 0.0000e+00 0.0000e+00 0.0000e+00 0.0000 0.0000000 0.0000000 0.0000
0.0 0.014460 0.014460 0.000000 14.888611 0.179632 0.000000 0.000000 0.000000 0.000000 0.000000 0.000000 0.0000e+00 0.0000e+00 0.0000e+00 0.0000 0.0000000 0.0000000 0.0000
0.0 0.014750 0.014750 0.000000 14.938621 0.178093 0.000000 0.000000 0.000000 0.000000 0.000000 0.000000 0.0000e+00 0.0000e+00 0.0000e+00 0.0000 0.0000000 0.0000000 0.0000
0.0 0.055510 0.055510 0.000000 17.380345 0.137142 0.000000 0.000000 0.000000 0.000000 0.000000 0.000000 0.0000e+00 0.0000e+00 0.0000e+00 0.0000 0.0000000 0.0000000 0.0000
0.0 0.013320 0.013320 0.000000 14.684395 0.187566 0.000000 0.000000 0.000000 0.000000 0.000000 0.000000 0.0000e+00 0.0000e+00 0.0000e+00 0.0000 0.0000000 0.0000000 0.0000
0.0 0.026740 0.026740 0.000000 15.873119 0.146082 0.000000 0.000000 0.000000 0.000000 0.000000 0.000000 0.0000e+00 0.0000e+00 0.0000e+00 0.0000 0.0000000 0.0000000 0.0000
0.0 0.020900 0.020900 0.000000 15.571246 0.156663 0.000000 0.000000 0.000000 0.000000 0.000000 0.000000 0.0000e+00 0.0000e+00 0.0000e+00 0.0000 0.0000000 0.0000000 0.0000
0.0 0.015970 0.015970 0.000000 14.991881 0.171879 0.000000 0.000000 0.000000 0.000000 0.000000 0.000000 0.0000e+00 0.0000e+00 0.0000e+00 0.0000 0.0000000 0.0000000 0.0000
0.0 0.015720 0.015720 0.000000 14.844462 0.172839 0.000000 0.000000 0.000000 0.000000 0.000000 0.000000 0.0000e+00 0.0000e+00 0.0000e+00 0.0000 0.0000000 0.0000000 0.0000
0.0 0.024410 0.024410 0.000000 15.675020 0.148537 0.000000 0.000000 0.000000 0.000000 0.000000 0.000000 0.0000e+00 0.0000e+00 0.0000e+00 0.0000 0.0000000 0.0000000 0.0000
0.0 0.036370 0.036370 0.000000 16.757157 0.138120 0.000000 0.000000 0.000000 0.000000 0.000000 0.000000 0.0000e+00 0.0000e+00 0.0000e+00 0.0000 0.0000000 0.0000000 0.0000
0.0 0.022310 0.022310 0.000000 15.761232 0.153110 0.000000 0.000000 0.000000 0.000000 0.000000 0.000000 0.0000e+00 0.0000e+00 0.0000e+00 0.0000 0.0000000 0.0000000 0.0000
0.0 0.011520 0.011520 0.000000 14.430063 0.203695 0.000000 0.000000 0.000000 0.000000 0.000000 0.000000 0.0000e+00 0.0000e+00 0.0000e+00 0.0000 0.0000000 0.0000000 0.0000
0.0 0.023280 0.023280 0.000000 15.614064 0.150301 0.000000 0.000000 0.000000 0.000000 0.000000 0.000000 0.0000e+00 0.0000e+00 0.0000e+00 0.0000 0.0000000 0.0000000 0.0000
0.0 0.020630 0.020630 0.000000 15.293213 0.155839 0.000000 0.000000 0.000000 0.000000 0.000000 0.000000 0.0000e+00 0.0000e+00 0.0000e+00 0.0000 0.0000000 0.0000000 0.0000
0.0 0.026140 0.026140 0.000000 16.118310 0.149402 0.000000 0.000000 0.000000 0.000000 0.000000 0.000000 0.0000e+00 0.0000e+00 0.0000e+00 0.0000 0.0000000 0.0000000 0.0000
0.0 0.325230 0.325230 0.000000 21.469445 0.201394 0.000000 0.000000 0.000000 0.000000 0.000000 0.000000 0.0000e+00 0.0000e+00 0.0000e+00 0.0000 0.0000000 0.0000000 0.0000
0.0 0.412500 0.412500 0.000000 22.479060 0.195422 0.000000 0.000000 0.000000 0.000000 0.000000 0.000000 0.0000e+00 0.0000e+00 0.0000e+00 0.0000 0.0000000 0.0000000 0.0000
0.0 0.429680 0.429680 0.000000 22.541729 0.189743 0.000000 0.000000 0.000000 0.000000 0.000000 0.000000 0.0000e+00 0.0000e+00 0.0000e+00 0.0000 0.0000000 0.0000000 0.0000
0.0 0.410060 0.410060 0.000000 22.338158 0.193263 0.000000 0.000000 0.000000 0.000000 0.000000 0.000000 0.0000e+00 0.0000e+00 0.0000e+00 0.0000 0.0000000 0.0000000 0.0000
0.0 0.345780 0.345780 0.000000 21.875594 0.192569 0.000000 0.000000 0.000000 0.000000 0.000000 0.000000 0.0000e+00 0.0000e+00 0.0000e+00 0.0000 0.0000000 0.0000000 0.0000
0.0 0.422390 0.422390 0.000000 22.310139 0.194970 0.000000 0.000000 0.000000 0.000000 0.000000 0.000000 0.0000e+00 0.0000e+00 0.0000e+00 0.0000 0.0000000 0.0000000 0.0000
0.0 0.502190 0.502190 0.000000 23.404589 0.201722 0.000000 0.000000 0.000000 0.000000 0.000000 0.000000 0.0000e+00 0.0000e+00 0.0000e+00 0.0000 0.0000000 0.0000000 0.0000
0.0 0.275420 0.275420 0.000000 21.381449 0.192334 0.000000 0.000000 0.000000 0.000000 0.000000 0.000000 0.0000e+00 0.0000e+00 0.0000e+00 0.0000 0.0000000 0.0000000 0.0000
0.0 0.421530 0.421530 0.000000 22.456680 0.193005 0.000000 0.000000 0.000000 0.000000 0.000000 0.000000 0.0000e+00 0.0000e+00 0.0000e+00 0.0000 0.0000000 0.0000000 0.0000
0.0 0.430240 0.430240 0.000000 22.471110 0.191767 0.000000 0.000000 0.000000 0.000000 0.000000 0.000000 0.0000e+00 0.0000e+00 0.0000e+00 0.0000 0.0000000 0.0000000 0.0000
0.0 0.340670 0.340670 0.000000 21.731786 0.194383 0.000000 0.000000 0.000000 0.000000 0.000000 0.000000 0.0000e+00 0.0000e+00 0.0000e+00 0.0000 0.0000000 0.0000000 0.0000
0.0 0.307980 0.307980 0.000000 21.951164 0.193424 0.000000 0.000000 0.000000 0.000000 0.000000 0.000000 0.0000e+00 0.0000e+00 0.0000e+00 0.0000 0.0000000 0.0000000 0.0000
0.0 0.477460 0.477460 0.000000 22.721124 0.199138 0.000000 0.000000 0.000000 0.000000 0.000000 0.000000 0.0000e+00 0.0000e+00 0.0000e+00 0.0000 0.0000000 0.0000000 0.0000
0.0 0.439710 0.439710 0.000000 22.447390 0.192249 0.000000 0.000000 0.000000 0.000000 0.000000 0.000000 0.0000e+00 0.0000e+00 0.0000e+00 0.0000 0.0000000 0.0000000 0.0000
0.0 0.220890 0.220890 0.000000 20.978100 0.190209 0.000000 0.000000 0.000000 0.000000 0.000000 0.000000 0.0000e+00 0.0000e+00 0.0000e+00 0.0000 0.0000000 0.0000000 0.0000
0.0 0.310360 0.310360 0.000000 21.775943 0.190275 0.000000 0.000000 0.000000 0.000000 0.000000 0.000000 0.0000e+00 0.0000e+00 0.0000e+00 0.0000 0.0000000 0.0000000 0.0000
0.0 0.280260 0.280260 0.000000 21.059653 0.191104 0.000000 0.000000 0.000000 0.000000 0.000000 0.000000 0.0000e+00 0.0000e+00 0.0000e+00 0.0000 0.0000000 0.0000000 0.0000
0.0 0.305750 0.305750 0.000000 21.553579 0.192514 0.000000 0.000000 0.000000 0.000000 0.000000 0.000000 0.0000e+00 0.0000e+00 0.0000e+00 0.0000 0.0000000 0.0000000 0.0000
0.0 0.481270 0.481270 0.000000 22.596194 0.194874 0.000000 0.000000 0.000000 0.000000 0.000000 0.000000 0.0000e+00 0.0000e+00 0.0000e+00 0.0000 0.0000000 0.0000000 0.0000
0.0 0.566650 0.566650 0.000000 23.471898 0.182750 0.000000 0.000000 0.000000 0.000000 0.000000 0.000000 0.0000e+00 0.0000e+00 0.0000e+00 0.0000 0.0000000 0.0000000 0.0000
0.0 0.531290 0.531290 0.000000 23.037662 0.182774 0.000000 0.000000 0.000000 0.000000 0.000000 0.000000 0.0000e+00 0.0000e+00 0.0000e+00 0.0000 0.0000000 0.0000000 0.0000
0.0 0.367360 0.367360 0.000000 22.076421 0.179170 0.000000 0.000000 0.000000 0.000000 0.000000 0.000000 0.0000e+00 0.0000e+00 0.0000e+00 0.0000 0.0000000 0.0000000 0.0000
0.0 0.483510 0.483510 0.000000 22.453632 0.182866 0.000000 0.000000 0.000000 0.000000 0.000000 0.000000 0.0000e+00 0.0000e+00 0.0000e+00 0.0000 0.0000000 0.0000000 0.0000
0.0 0.508300 0.508300 0.000000 23.286409 0.185095 0.000000 0.000000 0.000000 0.000000 0.000000 0.000000 0.0000e+00 0.0000e+00 0.0000e+00 0.0000 0.0000000 0.0000000 0.0000
0.0 0.404460 0.404460 0.000000 22.551774 0.189705 0.000000 0.000000 0.000000 0.000000 0.000000 0.000000 0.0000e+00 0.0000e+00 0.0000e+00 0.0000 0.0000000 0.0000000 0.0000
0.0 0.403100 0.403100 0.000000 22.458474 0.183404 0.000000 0.000000 0.000000 0.000000 0.000000 0.000000 0.0000e+00 0.0000e+00 0.0000e+00 0.0000 0.0000000 0.0000000 0.0000
0.0 0.426440 0.426440 0.000000 22.659116 0.180265 0.000000 0.000000 0.000000 0.000000 0.000000 0.000000 0.0000e+00 0.0000e+00 0.0000e+00 0.0000 0.0000000 0.0000000 0.0000
0.0 0.612790 0.612790 0.000000 23.327083 0.179172 0.000000 0.000000 0.000000 0.000000 0.000000 0.000000 0.0000e+00 0.0000e+00 0.0000e+00 0.0000 0.0000000 0.0000000 0.0000
0.0 0.439550 0.439550 0.000000 22.278405 0.182615 0.000000 0.000000 0.000000 0.000000 0.000000 0.000000 0.0000e+00 0.0000e+00 0.0000e+00 0.0000 0.0000000 0.0000000 0.0000
0.0 0.608790 0.608790 0.000000 23.460203 0.186119 0.000000 0.000000 0.000000 0.000000 0.000000 0.000000 0.0000e+00 0.0000e+00 0.0000e+00 0.0000 0.0000000 0.0000000 0.0000
0.0 0.556750 0.556750 0.000000 23.141172 0.180585 0.000000 0.000000 0.000000 0.000000 0.000000 0.000000 0.0000e+00 0.0000e+00 0.0000e+00 0.0000 0.0000000 0.0000000 0.0000
0.0 0.504520 0.504520 0.000000 22.673019 0.184184 0.000000 0.000000 0.000000 0.000000 0.000000 0.000000 0.0000e+00 0.0000e+00 0.0000e+00 0.0000 0.0000000 0.0000000 0.0000
0.0 0.495580 0.495580 0.000000 22.705407 0.187470 0.000000 0.000000 0.000000 0.000000 0.000000 0.000000 0.0000e+00 0.0000e+00 0.0000e+00 0.0000 0.0000000 0.0000000 0.0000
0.0 0.410410 0.410410 0.000000 22.473522 0.181456 0.000000 0.000000 0.000000 0.000000 0.000000 0.000000 0.0000e+00 0.0000e+00 0.0000e+00 0.0000 0.0000000 0.0000000 0.0000
0.0 0.469350 0.469350 0.000000 22.767415 0.184309 0.000000 0.000000 0.000000 0.000000 0.000000 0.000000 0.0000e+00 0.0000e+00 0.0000e+00 0.0000 0.0000000 0.0000000 0.0000
0.0 0.453480 0.453480 0.000000 22.480358 0.177759 0.000000 0.000000 0.000000 0.000000 0.000000 0.000000 0.0000e+00 0.0000e+00 0.0000e+00 0.0000 0.0000000 0.0000000 0.0000
0.0 0.470490 0.470490 0.000000 22.837372 0.181577 0.000000 0.000000 0.000000 0.000000 0.000000 0.000000 0.0000e+00 0.0000e+00 0.0000e+00 0.0000 0.0000000 0.0000000 0.0000
